1023
4567
8901
2345
6789
1024
3567
8902
1345
6790
8123
4568
7901
2346
5789
1025
3467
8903
1245
6791
8023
4569
7801
2347
5689
1026
3457
8904
1235
6792
8013
4570
6891
2348
5679
1027
3456
8905
1234
6793
8012
4571
6890
2349
5678
1028
3458
6794
1029
3568
7012
3459
6701
2350
4678
9123
4572
6892
1034
5680
7913
4573
6893
1030
2456
7891
2457
6894
1031
2567
8906
2458
7902
1346
5790
8124
3569
7802
1347
5690
8125
3468
7903
1246
5791
8024
3570
6895
1236
4789
1032
4574
6896
1033
2578
9012
4575
6897
1035
2468
9013
2467
8907
1237
4576
8908
1238
4577
6901
2351
4690
2352
4689
1036
4589
1037
2459
6801
2353
4679
8014
2568
7904
1239
5681
7023
4578
6902
1348
5682
7905
1349
6702
1350
4680
7912
3460
5792
8134
5683
7914
2569
7803
1247
5691
8025
3469
7804
1240
3571
6898
2356
7906
1241
3578
9023
4579
6802
1351
4681
7907
